Election 	UCD 	PSOE 	PP[a] 	IU[b] 	CDC[c] 	PNV 	ERC[d] 	BNG[e] 	EHB[f] 	CDS 	CC[g] 	UPyD 	Cs 	Com. 	Pod.[h] 	Vox 	MP
1977 	34.4 	29.3 	8.3 	9.3 	2.8 	1.7 	0.8 	0.1 									
1979 	34.8 	30.4 	6.1 	10.8 	2.7 	1.6 	0.7 	0.3 	1.0
1982 	6.8 	48.1 	26.4 	4.0 	3.7 	1.9 	0.7 	0.2 	1.0 	2.9
1986 	44.1 	26.0 	4.6 	5.0 	1.5 	0.4 	0.1 	1.1 	9.2 	0.3
1989 	39.6 	25.8 	9.1 	5.0 	1.2 	0.4 	0.2 	1.1 	7.9 	0.3
1993 	38.8 	34.8 	9.6 	4.9 	1.2 	0.8 	0.5 	0.9 	1.8 	0.9
1996 	37.6 	38.8 	10.5 	4.6 	1.3 	0.7 	0.9 	0.7 	0.2 	0.9
2000 	34.2 	44.5 	5.4 	4.2 	1.5 	0.8 	1.3 	0.0 	0.1 	1.1
2004 	42.6 	37.7 	5.0 	3.2 	1.6 	2.5 	0.8 	0.1 	0.9
2008 	43.9 	39.9 	3.8 	3.0 	1.2 	1.2 	0.8 	0.0 	0.7 	1.2 	0.2
2011 	28.8 	44.6 	6.9 	4.2 	1.3 	1.1 	0.8 	1.4 	0.6 	4.7 		0.5
2015 	22.0 	28.7 	3.7 	2.2 	1.2 	2.4 	0.3 	0.9 	0.3 	0.6 	13.9 	0 	20.7 	0.2
2016 	22.6 	33.0 	0 	2.0 	1.2 	2.6 	0.2 	0.8 	0.3 	0.2 	13.1 	0 	21.2 	0.2
2019 	28.7 	16.7 	0 	1.9 	1.5 	3.9 	0.4 	1.0 	0.5 		15.9 	0.7 	14.3 	10.3
2020 	28.0 	20.8 	0 	2.2 	1.6 	3.6 	0.5 	1.2 	0.5 	0 	6.8 	0 	12.8 	15.1 	2.4 